4 6 10 18 28 30 33 34 39 43 44 48 49 51 53 54 64 65 66 67 69 76 79 95 97 98 102 103 109 113 116 121 124

|01111111111011111111111111111111111101111011111111110110111111111101111111111111111111011111110111111111101001111111101111111|
|10011111111101011110111111111111111111111111111111110100111111111011111111011111111111111011111111111111111111111111111011111|
|10011111111111101111101111111101100111111011111111111110011111110111111111111110110111110111101111111111111011111101011111111|
|11101111111111111111101101111101101111111111111011111111111111111110011111100111110101111111011111111111111111111111111111111|
|11110111111111111110100111001111011110111111111111111111111111111111111110111111111011111111110101111111111011111111111111111|
|11111011111110011111111111111101111111111111111111111111111111110111101111111011110111111111111111111110011111111011111111110|
|11111101111110111111111111111011111111111111111111111111101111111111111111111011011110111111111111111111111011111111111111111|
|11111110111011111111111111111111111111101110111111111111101111111111111111111111111111111111111111111111111110110111111101111|
|11111111011011111111111110111110111111111111101111111111111111101111011110111111111111101111111111111111111011111110111111101|
|11111111101111111110111111110111001111111111111111111011111111111111110111111111110111111111110111111111111111111111101101111|
|11111111110111011111111110111111111111111111111111011111110111111111111111111111111110111111111101111111111111101111111111101|
|01111110011011011111111111111111011111111101111111111111111111111110111111101011111011100110111111111010111111111011111111111|
|10111111111100111111111111111111111111111111111011111111111111110111110111111011111011101111111111111011111011111111111101101|
|11111001111100111111111111101111110111111011111111111111111111001111110101111111111111010111011111111111101011111111111111111|
|10111011110011011111111111111110111110111111111111011111011111111101110111010101111111111111101011111111111101111111110111101|
|11011111111111101111010101110111111111101110111111110111111111101110111010101110111111110111111111110101111111101111111111111|
|11111111111111110111111111111011011111111001111110111110111011101110111011111111110111101111111101111011111111011110111111111|
|11111111111111111011111111011011111111111111111111101111011110110111111111111111111111111111111111111010111111110111111111111|
|11111111111111111100111111111111111111111111111111111111111001111111111111111111110111111111111111111111101111110111111111101|
|10110111101111111100111111111111110111111111111111111111111111111111101110111111111111111101101111101111110011110111111111111|
|11111111111111101111011001011011111110111111111111111111011110111011110111111011111100111111111111111011111110111111111111111|
|11000111111111111111100111111101111101111111111111111111111101111111111111111111111111111101111111111111101111111111111101111|
|11110111111111101111100101111110111111110111111110111111111111111111001111111111111111111111110111101011110111111111111111111|
|11111111111111111111011011111111111111111111111111111111111110111111111111111011110111111101111101111111111111011011111011111|
|11101111111111101111010101101111110110111011111111111111111111001111111111111011111111111111111111111111111111111111111111111|
|11111111010111111111111110011111111101111111111111101110111111111111111011111101110111111111110100111111111111110111111111111|
|11110111111111111011011110011101111111111110111110111111011110111111111110111111111111111111011111111111111111111110111111110|
|11110111111110111111111101101101111110111111111011111111111111101111111011101101111101111111111011111111111011101111111111111|
|11111111101111101111111111110111111111111111101111110111111111111111111101101011111111111111111111111111101111111111111111111|
|11111101111111110011011111111011111111111110111110111011111111111110110111111111111111111111111111111111111011110111111111111|
|11001011111111111111101111001101111111111111111111111111111111111111111101101111111111010111101111111111111111011111111111111|
|11111111011111011111110111111110101111111111111111011111111110011100111111011111101111111111111111111111111011111111011011111|
|11110111101011110111111111111111011011111111111111111111111111111111110111110111111110110101101111111111110011111100111111101|
|11001111101111111111111111111110101111111011111111111111101110101111111111011111111111111111111111111111111111111111101111111|
|11011111111110111110111101111111110111111111111111111111111101111111111111101101011111111011101111111111111111111101111011111|
|11111111111111111111111111111111011011111111111110011110111001111111110101011001011101101001111101101101011101111111111110111|
|01111111111111111111101110111111111101100101111011111111111111111111111111011111111111101111110110111101111110111111111111111|
|11110111111111011111011101101111111110111111101111011111111111111111111111101111111111111111111110011110011011100111111111111|
|11111111111111111111111111111111111111011111111111111110110111111111111111100111101011111111111111111111101111111111011110111|
|11111110111111101111111111111111111101101111111111111111111111111111111100011111111101111111111111111111111111101111111111111|
|11111111111111111111110111111111111101110111111101111101111111111111101111111111111111111111111111111011111011011110111111100|
|01011111111110110111111101111111101111111011101111011111111101011111111111111111000111111111111111111111110111110101111110011|
|11111111111011110111111111111111111101111101111111111111111111110111100101111111111111111110011111111111111111110111110101110|
|11111110111111101111111111011011111111111110111111110110011111111111111111111111111111111011111101111111111101111111110111101|
|11111111111111111111111111111111111111111111011111111111111111111111111111101111011111111111001111111111111111001111111111111|
|11111111011111111111111111110111111110111011100110101111111111111111111111111111110111111111111111011111011111111111111101111|
|11111111111111111111111111111111111111111111100111111111111100111111111111111111100011111111111111001101111111111111111111111|
|11101111111101111111111111101111111101111111111011001101011111111111111111111111111111111111110111111101111101111111111111111|
|11111111111111111111111111111111111111110111111101111111010111111111011111111111111111011111111111101111011101111111111111111|
|11111111111111110111110111011011111011111111101110111111101111111111111111101101101111100111011111110011110111111111111111111|
|11111111110111011111111111111110111010111011111011011111111111011111011100111111011111110111110111111001111111110111111011110|
|11111111111111111011111110111111111111111111101011101111111101111111110011111111111111111110111101111011111111111110111111111|
|00111111111111101111111111110111111111111110111111110101011111111111111111101111011011111101111111111111111111111111111100111|
|11111111101111111111111111111011111111111111111111111011111111111111111111111111111111111101101111111111111111111111110111111|
|10111111111111111111111111111111111111110111111011110100111111011111111110111111010111011111110111101111111111111110110011111|
|00011111111111110111111110111111111011011110111111111100111111111011111111111111111011111111011111111111101111110111111111111|
|11011111111111011011011111011111111111111110111001110111011111111111111110111111111111111111111111111101111111111111101111111|
|11111100111111111111111111111111101111111111111110111111101111111111111111111110111111111011111110111111010011111111111110101|
|11111111110111111111111111111111111111011111111101111111110111110111111101011111111111111111111110101111110111111111111110111|
|11111111111111110101111111111111111011111111111111111111111011111111111111111111111111111110111110111111111111111111111111111|
|11111111111111111101101111111111110011111011110111101111111101111011111111111100110111111111110111111111111111111110111011111|
|11111111111111111011011011011110101111111111110111111111111110111110111111111111111111101111011101111111111111101111011111111|
|11111111111110111111111101111110111111111011111111011101111111011111111110110101111111101011110111110011111111111101111111111|
|11111111011110100111111101101111101111111111111111111111111111101111111111111110111000101111011111101111111110110001111111111|
|11011011111101111011111111111111111111111101111111111111110111110111111011111111011111111111111111111111111111011111111101111|
|10111111111111111111011111111111111111111111111111111110111101111011111110111111111111111010110101101111111011111101111111011|
|01111111111111011111111111111110111111111111111111111111111111111101111111111111111111011111101111111111110111111101111111101|
|11101111111011100111111111111010111111111111111111111111111110111110111101111011011111100111111111111111001111110111111011111|
|11101111011111111111110111111111111111111111111101011111111111111111011111111111110101111111101111101101111111111110111101111|
|11111011111111111110110111111111111111110101111111111111111111111111101111111111111011111111101111111111110111101111111111111|
|11111111101100011111011111111011011011111101111111101111111111111111110111011111111111101111111111101101111111111111111111111|
|11111111111111100111111110101111111111111111111111101111111111110111111011001111111111111111111111110101111111111111111110011|
|11111111111110111111111111110101111011101101111111011111110111111110111101111101101110111011010011111111111011111111011110111|
|11110111011111101110111111011111111111101111111111011101011111011011111110111111111111111111111111111111111111111111111111111|
|10111111111111011111111111111110101001101111111111111111110111111111110011001101011111111011111101111101111011100111101111111|
|11101111111011101111111111100101110110011111011110110111111111111111111011001110110111110111111111111111111110111111010111111|
|11101111111111011111111111111111011111011111111111111111111111011111111111110111111111111011111111101111010111111111111011111|
|11111001111001111111011001110111111011111111111111111111111111111110111111111011111111111011111111111111011111101111110101111|
|11111111111111011111111110101111110011111111111110111111111101011111111101011101111111111111111111111111111011111111101111111|
|11011111111111101111111111111111111111111111111111111111101101101111111111101110111111111110111111111111111111111111111111111|
|11111101111111111111111111111111110011111011011111010101111111110110111111011111011011011111111111111111111111101011111111101|
|11111111111111111111111111111110111111011011110110111111111111111111111101111111101111110111101101011111111111111111111111111|
|11001011101111110101111010111111111111111011100111111101111101111111011111101111110110111101111111101101101111110111111111110|
|11110111111001111111111111111111111111011111110111110110111111101111101111111111011011111011111111111111110111111111111110111|
|11101111111111111111011111101111111011101111111111111111111111101111011111111111111101110111111111111111111101101111111111101|
|11111101110111111111011111111111011111111111111111111111111111101111111101111111110110101111111111111111111111111111011011011|
|01111111111110111111111111111101111111111111111101111101111111111101111111111111011111001110011011111101111111111110111111101|
|11111111011001110111111111111111111001111111111110111111111110001110110111111111111110001110111111111111111111111110111001111|
|11011111111010101111111111111101011111111111111110011111111111111110111111101111101101110111111011111111111111101111111101111|
|10111111111111111111111111111111110011111110111111111111101111011011111101010011111011111001011101111111011110111110111110111|
|11111111111111111110101011111111011011111111111111110011111111111111111111111111110111111001111111111111111111110111111011011|
|11111111111011111111111111111111111111111101111111101111111011111011111111111110111111001110111101111111111111111111111011111|
|11101111111110111111111111011111111111111101011110111110111110101111111101111111111111011011011111111111111101111110111111111|
|11011111111111011110111111111101010111111111011111111011111111111101001111111111101111111111101001111111101011111101111111011|
|01110111101111111111110110111111111101111111111011011101111101011011111101111111111111111111110110011111111111111111110110110|
|11111111111111011111111111101111111111111111111111111111111111111111111101111111111111010111101011100111111101111101110111111|
|11110111110111110111111010111111111011111110111111101111111110111011111111011111101111111010101101111111111111111110001111111|
|11111111111111111111111110111111111100111111111111111111100011111111111111111111111111111111110110111111111111111111111111011|
|11111111111111111111111111111111111110111111100111111111111111111111111111111111101111111111110111011011111101111111111111111|
|11111111111111111110110111111111111011111111110101111101110111101011010111110111110111111111111011101111111111111111101111110|
|11111111111111101111111111111111111111111111111110111111111111011111111011111111111111111111111011110110111111101111111111111|
|11111111111001110011010111111111111111110111111110001111111111011111111111111111111111111111111111011011111110111111111011011|
|11111111111111101111111111111111111001111111110011011111011111111111010011011111110111011111111111111101001101111111111111111|
|11111011111011111011111111111111111110111111111111111111111111111111111111111111111111111111111111110110011111111111111111111|
|11111011111111111111111111111111111010111111101101111111101111111110111111110011111111111011111111111100011111101111011110111|
|01111111111110111101101111110111111111011111111111111110111111111110111111111111110111111111101111111101101111111111111100111|
|11111111111111111110110111111111011111111011111110111111100111111101101111110111111011111111111111111111110111111111101111101|
|01010101011100111110111111101010011110110111111111111111101111111011111101011101111111111111101111111111111011111101111111111|
|01111111111111011111111111111111111011111110111001111111111111111111111111111111111101111111011011011101111101111111101111111|
|11111110111111111111011111111111111101111111111111111111111111101111111111101111111111111011111111111011111110111111111111111|
|11111111111111110111111011111101111111110111011111111111111111110111111111111111111111111111111111111111111111011111111111111|
|11111111110111101111111111101111111110101111011111111111111110111111101111011011011101110111111111110111011111101111111111111|
|11111110111111111000111110111011111110111001111111011110111111101110111111011111110111111101111111111111111111110111011111011|
|11111011111011111111111011111111111111111111111111111111111111101111111111111111011111111111111111111111111111111011111111111|
|11011111111111111111111111111111010111111011111111111111111111001001111111111111111111111111101011111111111011111101110111111|
|11111111011111110111111111011111011111110111111111101101111101111111011111111111111111001011011101111111111111111110101111011|
|11011111111111111111111111111110111111011111111111111111111110111111111101101111111110111111111101111111011111110111000111111|
|01111111101111111111111111111111101111111111111111111111011111111111111111011101111111111111111101101111110101111110001111111|
|11111111111111011111111111111111111111111100111111111001111111111111111111101011111111111111110011111111111111111101010111111|
|10111111111111111111111011111110110111111111111111011101111101111110111111110111111110101100111111111011111111111111111011111|
|11111110101101111111101111111111111111111101101111110111111111110111011111111011111111100111111111111111101111111111111101111|
|11111111111111111111111111111111111011011011111111110111100111111111111001111111111011111011110111111111001111111111111110111|
|11111111111111111111111111111111111111111011111111111111111111111011111011111111111110111101101110111011111111110110111111011|
|11111111010101011101111111111111011111110110111111111111101111111101111111111111011101011111111111111111110111111111111111101|
|11111011111111111111111111011111111111110101111111011111111111111111111111111111110111111111110111101111111111111111111111110|
J'ai chargé une matrice de taille 125
~______________
~Il a : 6963 Arcs
~Il a : 125 Sommets
~Le noeud : 59 a 119 sommets
